{
"graph": [[0,3,95,88,50,92,17,36,68,89,9,88,35,41,24],[3,0,45,69,64,13,31,86,29,40,63,9,81,53,45],[95,45,0,81,40,28,30,28,23,58,84,71,38,60,27],[88,69,81,0,70,69,69,95,60,56,61,47,40,99,10],[50,64,40,70,0,77,95,36,81,32,55,70,24,65,98],[92,13,28,69,77,0,61,62,91,95,64,79,43,99,51],[17,31,30,69,95,61,0,10,64,86,57,44,73,77,92],[36,86,28,95,36,62,10,0,79,31,23,80,18,6,47],[68,29,23,60,81,91,64,79,0,78,1,47,27,32,41],[89,40,58,56,32,95,86,31,78,0,2,53,27,54,88],[9,63,84,61,55,64,57,23,1,2,0,53,22,76,51],[88,9,71,47,70,79,44,80,47,53,53,0,21,70,29],[35,81,38,40,24,43,73,18,27,27,22,21,0,20,94],[41,53,60,99,65,99,77,6,32,54,76,70,20,0,1],[24,45,27,10,98,51,92,47,41,88,51,29,94,1,0]]
}